4
8 0
0 3
0 0
8 4
*4
8 0
0 5
4 0
3 5
*8
8 0
0 5
0 4
4 3
4 4
4 5
7 1
8 5
*8
8 0
0 5
1 0
1 5
7 0
7 1
7 4
6 4
*11
8 0
0 5
0 4
1 4
3 0
3 1
3 4
4 4
6 3
6 4
6 5
*10
8 0 
0 5
1 4
1 5
3 0
3 1
3 2
4 3
6 0
8 3
*11
8 0
0 5
0 2
2 5
3 0
3 1
6 1
6 3
6 4
6 5
8 2
*9
8 0
0 5
0 4
3 0
4 3
4 4
4 5
8 4
8 5
*11
8 0
0 0
0 4
1 0
2 3
5 0
5 1
5 2
6 0
7 2
8 2
*11
0 0
2 0
1 0
1 1
2 2
3 0
5 3
6 0
6 1
7 4
8 0
*11
8 0
3 5
0 2
1 4
2 0
2 4
3 3
3 4
4 5
7 0
8 5
*9
8 0
0 5
0 2
1 2
1 5
3 3
4 1
8 1
8 3
*10
8 5
0 0
0 4
1 2
2 0
3 1
3 5
4 3
5 4
8 4
*8
0 0
0 2
0 1
1 2
2 5
4 0
4 4
8 3
*11
8 0
0 5
0 2
0 3
1 5
2 1
3 3
6 3
7 0 
7 4
8 4
*14
0 5
8 0
0 0
0 2
0 4
1 0
1 2
2 0
6 1
7 1
7 3
8 1
8 3
8 5
*13
3 0
5 0
0 4
1 2
3 1
4 0
4 1
5 1
5 3
6 1
7 3
8 3
8 5
*9
0 0
0 5
0 4
1 0
4 1
4 5
6 0
7 2
8 4
*10
8 0
8 5
0 4
1 1
5 2
6 0
7 4
8 1
8 3
8 4
*11
4 0
4 5
0 3
1 3
2 4
3 0
4 4
5 1
6 0
7 2
8 4